126 171 155 143 124 191 164 55 129 44 22 77 130 106 145 100
127 172 156 144 125 192 165 56 130 45 23 78 131 107 146 101
128 173 157 145 126 193 166 57 131 46 24 79 132 108 147 102
129 174 158 146 127 194 167 58 132 47 25 80 133 109 148 103
130 175 159 147 128 195 168 59 133 48 26 81 134 110 149 104
131 176 160 148 129 196 169 60 134 49 27 82 135 111 150 105
132 177 161 149 130 197 170 61 135 50 28 83 136 112 151 106
133 178 162 150 131 99 171 62 136 51 29 84 137 113 152 107
134 179 163 151 132 100 172 63 137 52 30 85 138 114 153 108
135 180 164 152 133 101 173 64 138 53 31 86 139 115 154 109
136 181 165 153 134 102 174 65 139 54 32 87 140 116 155 110
137 182 166 154 135 103 175 66 140 55 33 88 141 117 156 111
138 183 167 155 136 104 176 67 141 56 34 89 142 118 157 112
139 184 168 156 137 105 177 68 142 57 35 90 143 119 158 113
140 185 169 157 138 106 178 69 143 58 36 91 144 120 159 114
141 186 170 158 139 107 179 70 144 59 37 92 145 121 160 115
142 187 171 159 140 108 180 71 145 60 38 93 146 122 161 116
143 188 172 160 141 109 181 72 146 61 39 94 147 123 162 117
144 189 173 161 142 110 182 73 147 62 40 95 148 124 163 118
145 190 174 162 143 111 183 74 148 63 41 96 149 125 164 119
146 191 175 163 144 112 184 75 149 64 42 97 150 126 165 120
147 192 176 164 145 113 185 76 150 65 43 98 151 127 166 121
148 193 177 165 146 114 186 77 151 66 0 44 152 128 167 122
149 194 178 166 147 115 187 78 152 67 1 45 153 129 168 123
150 195 179 167 148 116 188 79 153 68 2 46 154 130 169 124
151 196 180 168 149 117 189 80 154 69 3 47 155 131 170 125
152 197 181 169 150 118 190 81 155 70 4 48 156 132 171 126
153 99 182 170 151 119 191 82 156 71 5 49 157 133 172 127
154 100 183 171 152 120 192 83 157 72 6 50 158 134 173 128
155 101 184 172 153 121 193 84 158 73 7 51 159 135 174 129
156 102 185 173 154 122 194 85 159 74 8 52 160 136 175 130
157 103 186 174 155 123 195 86 160 75 9 53 161 137 176 131
158 104 187 175 156 124 196 87 161 76 10 54 162 138 177 132
159 105 188 176 157 125 197 88 162 77 11 55 163 139 178 133
160 106 189 177 158 126 99 89 163 78 12 56 164 140 179 134
161 107 190 178 159 127 100 90 164 79 13 57 165 141 180 135
162 108 191 179 160 128 101 91 165 80 14 58 166 142 181 136
163 109 192 180 161 129 102 92 166 81 15 59 167 143 182 137
164 110 193 181 162 130 103 93 167 82 16 60 168 144 183 138
165 111 194 182 163 131 104 94 168 83 17 61 169 145 184 139
166 112 195 183 164 132 105 95 169 84 18 62 170 146 185 140
167 113 196 184 165 133 106 96 170 85 19 63 171 147 186 141
168 114 197 185 166 134 107 97 171 86 20 64 172 148 187 142
169 115 99 186 167 135 108 98 172 87 21 65 173 149 188 143
170 116 100 187 168 136 109 88 173 0 22 66 174 150 189 144
171 117 101 188 169 137 110 89 174 1 23 67 175 151 190 145
172 118 102 189 170 138 111 90 175 2 24 68 176 152 191 146
173 119 103 190 171 139 112 91 176 3 25 69 177 153 192 147
174 120 104 191 172 140 113 92 177 4 26 70 178 154 193 148
175 121 105 192 173 141 114 93 178 5 27 71 179 155 194 149
176 122 106 193 174 142 115 94 179 6 28 72 180 156 195 150
177 123 107 194 175 143 116 95 180 7 29 73 181 157 196 151
178 124 108 195 176 144 117 96 181 8 30 74 182 158 197 152
179 125 109 196 177 145 118 97 182 9 31 75 183 159 99 153
180 126 110 197 178 146 119 98 183 10 32 76 184 160 100 154
181 127 111 99 179 147 120 0 184 11 33 77 185 161 101 155
182 128 112 100 180 148 121 1 185 12 34 78 186 162 102 156
183 129 113 101 181 149 122 2 186 13 35 79 187 163 103 157
184 130 114 102 182 150 123 3 187 14 36 80 188 164 104 158
185 131 115 103 183 151 124 4 188 15 37 81 189 165 105 159
186 132 116 104 184 152 125 5 189 16 38 82 190 166 106 160
187 133 117 105 185 153 126 6 190 17 39 83 191 167 107 161
188 134 118 106 186 154 127 7 191 18 40 84 192 168 108 162
189 135 119 107 187 155 128 8 192 19 41 85 193 169 109 163
190 136 120 108 188 156 129 9 193 20 42 86 194 170 110 164
191 137 121 109 189 157 130 10 194 21 43 87 195 171 111 165
192 138 122 110 190 158 131 11 195 22 44 88 196 172 112 166
193 139 123 111 191 159 132 12 196 23 45 89 197 173 113 167
194 140 124 112 192 160 133 13 197 24 46 90 99 174 114 168
195 141 125 113 193 161 134 14 99 25 47 91 100 175 115 169
196 142 126 114 194 162 135 15 100 26 48 92 101 176 116 170
197 143 127 115 195 163 136 16 101 27 49 93 102 177 117 171
99 144 128 116 196 164 137 17 102 28 50 94 103 178 118 172
100 145 129 117 197 165 138 18 103 29 51 95 104 179 119 173
101 146 130 118 99 166 139 19 104 30 52 96 105 180 120 174
102 147 131 119 100 167 140 20 105 31 53 97 106 181 121 175
103 148 132 120 101 168 141 21 106 32 54 98 107 182 122 176
104 149 133 121 102 169 142 22 107 33 55 0 108 183 123 177
105 150 134 122 103 170 143 23 108 34 56 1 109 184 124 178
106 151 135 123 104 171 144 24 109 35 57 2 110 185 125 179
107 152 136 124 105 172 145 25 110 36 58 3 111 186 126 180
108 153 137 125 106 173 146 26 111 37 59 4 112 187 127 181
109 154 138 126 107 174 147 27 112 38 60 5 113 188 128 182
110 155 139 127 108 175 148 28 113 39 61 6 114 189 129 183
111 156 140 128 109 176 149 29 114 40 62 7 115 190 130 184
112 157 141 129 110 177 150 30 115 41 63 8 116 191 131 185
113 158 142 130 111 178 151 31 116 42 64 9 117 192 132 186
114 159 143 131 112 179 152 32 117 43 65 10 118 193 133 187
115 160 144 132 113 180 153 33 118 44 66 11 119 194 134 188
116 161 145 133 114 181 154 34 119 45 67 12 120 195 135 189
117 162 146 134 115 182 155 35 120 46 68 13 121 196 136 190
118 163 147 135 116 183 156 36 121 47 69 14 122 197 137 191
119 164 148 136 117 184 157 37 122 48 70 15 123 99 138 192
120 165 149 137 118 185 158 38 123 49 71 16 124 100 139 193
121 166 150 138 119 186 159 39 124 50 72 17 125 101 140 194
122 167 151 139 120 187 160 40 125 51 73 18 126 102 141 195
123 168 152 140 121 188 161 41 126 52 74 19 127 103 142 196
124 169 153 141 122 189 162 42 127 53 75 20 128 104 143 197
125 170 154 142 123 190 163 43 128 54 76 21 129 105 144 99
74 27 34 69 43 72 7 55 110 187 68 132 165 92 53 98
75 28 35 70 44 73 8 56 111 188 69 133 166 93 54 0
76 29 36 71 45 74 9 57 112 189 70 134 167 94 55 1
77 30 37 72 46 75 10 58 113 190 71 135 168 95 56 2
78 31 38 73 47 76 11 59 114 191 72 136 169 96 57 3
79 32 39 74 48 77 12 60 115 192 73 137 170 97 58 4
80 33 40 75 49 78 13 61 116 193 74 138 171 98 59 5
81 34 41 76 50 79 14 62 117 194 75 139 172 0 60 6
82 35 42 77 51 80 15 63 118 195 76 140 173 1 61 7
83 36 43 78 52 81 16 64 119 196 77 141 174 2 62 8
84 37 44 79 53 82 17 65 120 197 78 142 175 3 63 9
85 38 45 80 54 83 18 66 99 121 79 143 176 4 64 10
86 39 46 81 55 84 19 67 100 122 80 144 177 5 65 11
87 40 47 82 56 85 20 68 101 123 81 145 178 6 66 12
88 41 48 83 57 86 21 69 102 124 82 146 179 7 67 13
89 42 49 84 58 87 22 70 103 125 83 147 180 8 68 14
90 43 50 85 59 88 23 71 104 126 84 148 181 9 69 15
91 44 51 86 60 89 24 72 105 127 85 149 182 10 70 16
92 45 52 87 61 90 25 73 106 128 86 150 183 11 71 17
93 46 53 88 62 91 26 74 107 129 87 151 184 12 72 18
94 47 54 89 63 92 27 75 108 130 88 152 185 13 73 19
95 48 55 90 64 93 28 76 109 131 89 153 186 14 74 20
96 49 56 91 65 94 29 77 110 132 90 154 187 15 75 21
97 50 57 92 66 95 30 78 111 133 91 155 188 16 76 22
98 51 58 93 67 96 31 79 112 134 92 156 189 17 77 23
0 52 59 94 68 97 32 80 113 135 93 157 190 18 78 24
1 53 60 95 69 98 33 81 114 136 94 158 191 19 79 25
2 54 61 96 70 0 34 82 115 137 95 159 192 20 80 26
3 55 62 97 71 1 35 83 116 138 96 160 193 21 81 27
4 56 63 98 72 2 36 84 117 139 97 161 194 22 82 28
5 57 64 0 73 3 37 85 118 140 98 162 195 23 83 29
6 58 65 1 74 4 38 86 119 141 0 163 196 24 84 30
7 59 66 2 75 5 39 87 120 142 1 164 197 25 85 31
8 60 67 3 76 6 40 88 121 143 2 99 165 26 86 32
9 61 68 4 77 7 41 89 122 144 3 100 166 27 87 33
10 62 69 5 78 8 42 90 123 145 4 101 167 28 88 34
11 63 70 6 79 9 43 91 124 146 5 102 168 29 89 35
12 64 71 7 80 10 44 92 125 147 6 103 169 30 90 36
13 65 72 8 81 11 45 93 126 148 7 104 170 31 91 37
14 66 73 9 82 12 46 94 127 149 8 105 171 32 92 38
15 67 74 10 83 13 47 95 128 150 9 106 172 33 93 39
16 68 75 11 84 14 48 96 129 151 10 107 173 34 94 40
17 69 76 12 85 15 49 97 130 152 11 108 174 35 95 41
18 70 77 13 86 16 50 98 131 153 12 109 175 36 96 42
19 71 78 14 87 17 51 0 132 154 13 110 176 37 97 43
20 72 79 15 88 18 52 1 133 155 14 111 177 38 98 44
21 73 80 16 89 19 53 2 134 156 15 112 178 39 0 45
22 74 81 17 90 20 54 3 135 157 16 113 179 40 1 46
23 75 82 18 91 21 55 4 136 158 17 114 180 41 2 47
24 76 83 19 92 22 56 5 137 159 18 115 181 42 3 48
25 77 84 20 93 23 57 6 138 160 19 116 182 43 4 49
26 78 85 21 94 24 58 7 139 161 20 117 183 44 5 50
27 79 86 22 95 25 59 8 140 162 21 118 184 45 6 51
28 80 87 23 96 26 60 9 141 163 22 119 185 46 7 52
29 81 88 24 97 27 61 10 142 164 23 120 186 47 8 53
30 82 89 25 98 28 62 11 143 165 24 121 187 48 9 54
31 83 90 26 0 29 63 12 144 166 25 122 188 49 10 55
32 84 91 27 1 30 64 13 145 167 26 123 189 50 11 56
33 85 92 28 2 31 65 14 146 168 27 124 190 51 12 57
34 86 93 29 3 32 66 15 147 169 28 125 191 52 13 58
35 87 94 30 4 33 67 16 148 170 29 126 192 53 14 59
36 88 95 31 5 34 68 17 149 171 30 127 193 54 15 60
37 89 96 32 6 35 69 18 150 172 31 128 194 55 16 61
38 90 97 33 7 36 70 19 151 173 32 129 195 56 17 62
39 91 98 34 8 37 71 20 152 174 33 130 196 57 18 63
40 92 0 35 9 38 72 21 153 175 34 131 197 58 19 64
41 93 1 36 10 39 73 22 154 176 35 132 99 59 20 65
42 94 2 37 11 40 74 23 155 177 36 133 100 60 21 66
43 95 3 38 12 41 75 24 156 178 37 134 101 61 22 67
44 96 4 39 13 42 76 25 157 179 38 135 102 62 23 68
45 97 5 40 14 43 77 26 158 180 39 136 103 63 24 69
46 98 6 41 15 44 78 27 159 181 40 137 104 64 25 70
47 0 7 42 16 45 79 28 160 182 41 138 105 65 26 71
48 1 8 43 17 46 80 29 161 183 42 139 106 66 27 72
49 2 9 44 18 47 81 30 162 184 43 140 107 67 28 73
50 3 10 45 19 48 82 31 163 185 44 141 108 68 29 74
51 4 11 46 20 49 83 32 164 186 45 142 109 69 30 75
52 5 12 47 21 50 84 33 165 187 46 143 110 70 31 76
53 6 13 48 22 51 85 34 166 188 47 144 111 71 32 77
54 7 14 49 23 52 86 35 167 189 48 145 112 72 33 78
55 8 15 50 24 53 87 36 168 190 49 146 113 73 34 79
56 9 16 51 25 54 88 37 169 191 50 147 114 74 35 80
57 10 17 52 26 55 89 38 170 192 51 148 115 75 36 81
58 11 18 53 27 56 90 39 171 193 52 149 116 76 37 82
59 12 19 54 28 57 91 40 172 194 53 150 117 77 38 83
60 13 20 55 29 58 92 41 173 195 54 151 118 78 39 84
61 14 21 56 30 59 93 42 174 196 55 152 119 79 40 85
62 15 22 57 31 60 94 43 175 197 56 153 120 80 41 86
63 16 23 58 32 61 95 44 176 99 57 154 121 81 42 87
64 17 24 59 33 62 96 45 177 100 58 155 122 82 43 88
65 18 25 60 34 63 97 46 178 101 59 156 123 83 44 89
66 19 26 61 35 64 98 47 179 102 60 157 124 84 45 90
67 20 27 62 36 65 0 48 180 103 61 158 125 85 46 91
68 21 28 63 37 66 1 49 181 104 62 159 126 86 47 92
69 22 29 64 38 67 2 50 182 105 63 160 127 87 48 93
70 23 30 65 39 68 3 51 183 106 64 161 128 88 49 94
71 24 31 66 40 69 4 52 184 107 65 162 129 89 50 95
72 25 32 67 41 70 5 53 185 108 66 163 130 90 51 96
73 26 33 68 42 71 6 54 186 109 67 164 131 91 52 97