5 52 27 80 2 90 50 95 84 99 63
69 26 93 33 68 4 55 98 88 85 52
53 69 97 0 94 5 100 9 86 56 89
7 99 58 75 55 12 59 38 74 95 89
60 101 75 96 8 1 33 90 76 56 92
2 93 76 70 0 57 61 9 91 59 103
37 81 92 80 69 42 62 11 64 59 101
81 63 18 65 97 12 82 100 60 3 93
82 66 4 19 61 13 94 95 64 99 49
20 62 96 55 65 67 2 77 49 5 14
45 63 16 41 85 75 64 103 86 70 67
87 99 68 86 24 6 95 65 71 76 17
69 103 66 3 96 87 70 50 7 72 18
97 51 50 73 59 8 26 67 100 19 71
51 83 27 64 74 9 102 72 20 60 68
49 90 44 70 47 103 22 73 81 68 89
74 82 30 45 69 77 10 90 23 91 71
72 97 31 24 49 91 75 100 52 78 11
73 25 64 12 76 53 79 77 32 7 52
70 8 78 65 53 103 74 26 80 13 54
98 81 14 54 9 88 79 27 75 66 71
49 93 74 46 79 50 101 86 48 28 92
80 87 51 93 75 29 47 94 15 77 35
81 94 78 76 36 55 30 83 16 102 50
56 103 70 51 79 17 82 55 11 84 31
83 32 49 18 57 80 85 56 102 38 71
33 72 81 77 84 13 58 57 1 19 86
87 0 58 78 20 14 82 101 73 85 92
91 51 34 53 85 21 39 95 81 99 96
82 102 22 96 86 59 52 54 40 83 35
59 60 53 88 49 84 87 16 36 23 98
77 85 37 89 42 61 17 54 50 60 24
78 51 61 18 86 88 90 25 98 62 38
89 1 87 91 79 63 83 4 26 62 102
28 97 39 90 64 100 54 87 43 57 55
65 40 64 98 88 56 58 22 50 91 29
65 51 66 23 57 41 30 101 89 92 52
53 6 58 102 90 67 83 42 93 31 66
54 68 3 94 101 92 67 25 84 91 32
34 71 28 94 52 43 70 60 58 62 103
44 35 61 29 71 63 53 72 101 92 55
56 73 54 72 36 62 99 95 93 45 10
37 98 57 96 74 6 94 73 88 63 31
63 68 39 56 66 78 59 34 77 48 46
47 78 57 69 99 15 40 67 79 95 60
97 96 100 61 41 58 10 80 16 79 68
102 73 75 61 48 69 21 83 65 84 43
44 74 15 62 22 97 76 84 100 66 85
67 80 98 82 88 76 46 21 43 72 89
15 63 30 9 58 21 17 25 54 69 8
21 68 62 13 12 75 0 57 31 35 23
22 13 32 69 36 28 14 24 58 76 63
36 39 1 67 74 29 81 17 61 0 18
82 62 30 37 68 75 19 28 18 40 2
29 34 38 69 49 63 31 19 76 41 20
24 86 23 1 73 9 66 80 3 40 34
35 24 43 67 4 74 81 87 25 2 41
5 34 44 42 26 50 82 68 36 25 75
35 51 49 45 69 26 76 39 27 3 37
43 85 79 29 3 5 30 13 72 6 90
86 91 80 39 14 73 31 4 30 44 7
45 81 74 40 87 5 8 32 52 31 46
9 47 41 75 50 6 32 53 33 39 82
54 0 43 42 33 7 40 10 49 76 51
8 34 84 35 89 78 18 6 10 14 93
85 36 46 7 11 90 79 35 19 9 94
43 8 47 91 20 36 80 86 12 55 37
56 52 37 44 13 9 38 81 48 87 10
45 1 82 57 11 50 43 14 15 53 38
49 16 12 54 1 51 58 6 46 44 2
92 24 83 39 19 5 10 15 12 88 99
13 96 39 84 40 93 11 16 20 89 25
26 17 48 94 41 85 90 12 14 40 59
86 55 91 46 13 15 41 27 42 18 60
56 87 3 21 16 19 61 42 14 52 47
17 22 46 20 10 62 3 53 4 50 57
48 5 11 58 47 54 4 51 18 63 23
99 92 22 26 9 95 31 16 43 101 18
93 44 96 19 27 64 89 17 32 23 43
94 59 18 45 24 90 65 21 20 33 44
48 22 45 25 19 55 60 91 6 0 66
61 20 6 26 52 7 28 67 56 15 23
24 57 68 8 53 7 16 29 48 27 62
23 102 25 29 100 33 70 14 37 46 95
71 38 47 64 30 24 0 93 26 46 96
94 27 65 59 1 28 25 10 72 31 47
10 29 2 55 21 66 73 32 11 60 26
22 61 74 56 12 27 67 33 34 11 30
1 20 30 35 101 42 48 32 95 97 70
31 36 3 33 48 71 78 64 96 15 2
32 15 72 65 37 16 4 79 0 34 59
80 33 35 66 17 28 16 5 73 60 38
77 27 38 40 98 36 21 4 6 97 70
22 64 1 37 78 84 41 71 21 5 7
23 39 79 72 85 65 2 38 8 22 42
3 77 88 28 8 41 83 0 11 44 103
45 9 42 71 4 29 89 78 84 12 28
92 7 47 13 88 102 34 45 17 2 100
32 100 92 35 99 1 103 20 42 48 30
77 0 11 8 44 3 28 98 102 41 70
83 98 2 45 17 101 34 13 7 47 97
77 40 38 6 21 103 36 27 4 100 88
14 46 29 103 97 33 23 83 37 99 25
15 12 98 39 24 101 102 19 10 5 95