62 59 45 51 71
63 48 46 52 60
64 49 47 53 61
65 50 36 54 62
66 51 37 55 63
67 52 38 56 64
68 53 39 57 65
69 54 40 58 66
70 55 41 59 67
71 56 42 48 68
60 57 43 49 69
61 58 44 50 70
42 24 32 39 62
43 25 33 40 63
44 26 34 41 64
45 27 35 42 65
46 28 24 43 66
47 29 25 44 67
36 30 26 45 68
37 31 27 46 69
38 32 28 47 70
39 33 29 36 71
40 34 30 37 60
41 35 31 38 61
16 12 61 63 30
17 13 62 64 31
18 14 63 65 32
19 15 64 66 33
20 16 65 67 34
21 17 66 68 35
22 18 67 69 24
23 19 68 70 25
12 20 69 71 26
13 21 70 60 27
14 22 71 61 28
15 23 60 62 29
3 21 18 49 59
4 22 19 50 48
5 23 20 51 49
6 12 21 52 50
7 13 22 53 51
8 14 23 54 52
9 15 12 55 53
10 16 13 56 54
11 17 14 57 55
0 18 15 58 56
1 19 16 59 57
2 20 17 48 58
1 9 47 37 54
2 10 36 38 55
3 11 37 39 56
4 0 38 40 57
5 1 39 41 58
6 2 40 42 59
7 3 41 43 48
8 4 42 44 49
9 5 43 45 50
10 6 44 46 51
11 7 45 47 52
0 8 46 36 53
10 35 1 22 33
11 24 2 23 34
0 25 3 12 35
1 26 4 13 24
2 27 5 14 25
3 28 6 15 26
4 29 7 16 27
5 30 8 17 28
6 31 9 18 29
7 32 10 19 30
8 33 11 20 31
9 34 0 21 32