107 90 52 38 105 46
108 91 53 39 106 47
109 92 54 40 107 48
110 93 55 41 108 49
74 94 56 42 109 50
75 95 57 43 110 51
76 96 58 44 74 52
77 97 59 45 75 53
78 98 60 46 76 54
79 99 61 47 77 55
80 100 62 48 78 56
81 101 63 49 79 57
82 102 64 50 80 58
83 103 65 51 81 59
84 104 66 52 82 60
85 105 67 53 83 61
86 106 68 54 84 62
87 107 69 55 85 63
88 108 70 56 86 64
89 109 71 57 87 65
90 110 72 58 88 66
91 74 73 59 89 67
92 75 37 60 90 68
93 76 38 61 91 69
94 77 39 62 92 70
95 78 40 63 93 71
96 79 41 64 94 72
97 80 42 65 95 73
98 81 43 66 96 37
99 82 44 67 97 38
100 83 45 68 98 39
101 84 46 69 99 40
102 85 47 70 100 41
103 86 48 71 101 42
104 87 49 72 102 43
105 88 50 73 103 44
106 89 51 37 104 45
102 36 97 22 28 78
103 0 98 23 29 79
104 1 99 24 30 80
105 2 100 25 31 81
106 3 101 26 32 82
107 4 102 27 33 83
108 5 103 28 34 84
109 6 104 29 35 85
110 7 105 30 36 86
74 8 106 31 0 87
75 9 107 32 1 88
76 10 108 33 2 89
77 11 109 34 3 90
78 12 110 35 4 91
79 13 74 36 5 92
80 14 75 0 6 93
81 15 76 1 7 94
82 16 77 2 8 95
83 17 78 3 9 96
84 18 79 4 10 97
85 19 80 5 11 98
86 20 81 6 12 99
87 21 82 7 13 100
88 22 83 8 14 101
89 23 84 9 15 102
90 24 85 10 16 103
91 25 86 11 17 104
92 26 87 12 18 105
93 27 88 13 19 106
94 28 89 14 20 107
95 29 90 15 21 108
96 30 91 16 22 109
97 31 92 17 23 110
98 32 93 18 24 74
99 33 94 19 25 75
100 34 95 20 26 76
101 35 96 21 27 77
4 51 21 46 6 70
5 52 22 47 7 71
6 53 23 48 8 72
7 54 24 49 9 73
8 55 25 50 10 37
9 56 26 51 11 38
10 57 27 52 12 39
11 58 28 53 13 40
12 59 29 54 14 41
13 60 30 55 15 42
14 61 31 56 16 43
15 62 32 57 17 44
16 63 33 58 18 45
17 64 34 59 19 46
18 65 35 60 20 47
19 66 36 61 21 48
20 67 0 62 22 49
21 68 1 63 23 50
22 69 2 64 24 51
23 70 3 65 25 52
24 71 4 66 26 53
25 72 5 67 27 54
26 73 6 68 28 55
27 37 7 69 29 56
28 38 8 70 30 57
29 39 9 71 31 58
30 40 10 72 32 59
31 41 11 73 33 60
32 42 12 37 34 61
33 43 13 38 35 62
34 44 14 39 36 63
35 45 15 40 0 64
36 46 16 41 1 65
0 47 17 42 2 66
1 48 18 43 3 67
2 49 19 44 4 68
3 50 20 45 5 69