17 44 75 123 196 299
48 105 169 181 197 285
76 110 139 152 198 226
20 32 63 126 199 287
51 93 172 184 200 273
79 113 142 155 201 229
23 35 66 129 202 290
54 96 175 187 203 276
82 116 145 158 204 232
26 38 69 132 205 293
57 99 178 190 206 279
85 119 148 161 207 235
29 41 72 135 208 296
60 102 166 193 209 282
88 107 136 164 210 238
32 59 90 138 211 314
1 63 120 184 212 300
91 125 154 167 213 241
35 47 78 141 214 302
4 66 108 187 215 288
94 128 157 170 216 244
38 50 81 144 217 305
7 69 111 190 218 291
97 131 160 173 219 247
41 53 84 147 220 308
10 72 114 193 221 294
100 134 163 176 222 250
44 56 87 150 223 311
13 75 117 181 224 297
103 122 151 179 225 253
47 74 105 153 226 329
4 16 78 135 227 315
106 140 169 182 228 256
50 62 93 156 229 317
7 19 81 123 230 303
109 143 172 185 231 259
53 65 96 159 232 320
10 22 84 126 233 306
112 146 175 188 234 262
56 68 99 162 235 323
13 25 87 129 236 309
115 149 178 191 237 265
59 71 102 165 238 326
1 28 90 132 239 312
118 137 166 194 240 268
62 89 120 168 241 344
19 31 93 150 242 330
2 121 155 184 243 271
65 77 108 171 244 332
22 34 96 138 245 318
5 124 158 187 246 274
68 80 111 174 247 335
25 37 99 141 248 321
8 127 161 190 249 277
71 83 114 177 250 338
28 40 102 144 251 324
11 130 164 193 252 280
74 86 117 180 253 341
16 43 105 147 254 327
14 133 152 181 255 283
77 104 135 183 256 359
34 46 108 165 257 345
4 17 136 170 258 286
80 92 123 186 259 347
37 49 111 153 260 333
7 20 139 173 261 289
83 95 126 189 262 350
40 52 114 156 263 336
10 23 142 176 264 292
86 98 129 192 265 353
43 55 117 159 266 339
13 26 145 179 267 295
89 101 132 195 268 356
31 58 120 162 269 342
1 29 148 167 270 298
3 92 119 150 271 374
49 61 123 180 272 360
19 32 151 185 273 301
6 95 107 138 274 362
52 64 126 168 275 348
22 35 154 188 276 304
9 98 110 141 277 365
55 67 129 171 278 351
25 38 157 191 279 307
12 101 113 144 280 368
58 70 132 174 281 354
28 41 160 194 282 310
15 104 116 147 283 371
46 73 135 177 284 357
16 44 163 182 285 313
18 107 134 165 286 389
64 76 138 195 287 375
5 34 47 166 288 316
21 110 122 153 289 377
67 79 141 183 290 363
8 37 50 169 291 319
24 113 125 156 292 380
70 82 144 186 293 366
11 40 53 172 294 322
27 116 128 159 295 383
73 85 147 189 296 369
14 43 56 175 297 325
30 119 131 162 298 386
61 88 150 192 299 372
2 31 59 178 300 328
33 122 149 180 209 301
15 79 91 153 302 390
20 49 62 181 303 331
36 125 137 168 197 304
3 82 94 156 305 378
23 52 65 184 306 334
39 128 140 171 200 307
6 85 97 159 308 381
26 55 68 187 309 337
42 131 143 174 203 310
9 88 100 162 311 384
29 58 71 190 312 340
45 134 146 177 206 313
12 76 103 165 314 387
17 46 74 193 315 343
48 137 164 195 224 316
30 94 106 168 210 317
1 35 64 77 318 346
51 140 152 183 212 319
18 97 109 171 198 320
4 38 67 80 321 349
54 143 155 186 215 322
21 100 112 174 201 323
7 41 70 83 324 352
57 146 158 189 218 325
24 103 115 177 204 326
10 44 73 86 327 355
60 149 161 192 221 328
27 91 118 180 207 329
13 32 61 89 330 358
15 63 152 179 239 331
45 109 121 183 225 332
16 50 79 92 333 361
3 66 155 167 227 334
33 112 124 186 213 335
19 53 82 95 336 364
6 69 158 170 230 337
36 115 127 189 216 338
22 56 85 98 339 367
9 72 161 173 233 340
39 118 130 192 219 341
25 59 88 101 342 370
12 75 164 176 236 343
42 106 133 195 222 344
28 47 76 104 345 373
30 78 167 194 254 346
3 60 124 136 240 347
31 65 94 107 348 376
18 81 170 182 242 349
6 48 127 139 228 350
34 68 97 110 351 379
21 84 173 185 245 352
9 51 130 142 231 353
37 71 100 113 354 382
24 87 176 188 248 355
12 54 133 145 234 356
40 74 103 116 357 385
27 90 179 191 251 358
15 57 121 148 237 359
43 62 91 119 360 388
14 45 93 182 269 361
18 75 139 151 255 362
46 80 109 122 196 363
2 33 96 185 257 364
21 63 142 154 243 365
49 83 112 125 199 366
5 36 99 188 260 367
24 66 145 157 246 368
52 86 115 128 202 369
8 39 102 191 263 370
27 69 148 160 249 371
55 89 118 131 205 372
11 42 105 194 266 373
30 72 136 163 252 374
58 77 106 134 208 375
2 29 60 108 284 376
33 90 154 166 270 377
61 95 124 137 211 378
5 17 48 111 272 379
36 78 157 169 258 380
64 98 127 140 214 381
8 20 51 114 275 382
39 81 160 172 261 383
67 101 130 143 217 384
11 23 54 117 278 385
42 84 163 175 264 386
70 104 133 146 220 387
14 26 57 120 281 388
45 87 151 178 267 389
73 92 121 149 223 390
1 168 234 265 308 337
2 109 218 295 324 386
3 125 249 281 357 370
4 171 237 268 311 340
5 112 221 298 327 389
6 128 252 284 360 373
7 174 240 256 314 343
8 115 224 286 330 377
9 131 255 272 348 361
10 177 228 259 302 331
11 118 212 289 318 380
12 134 243 275 351 364
13 180 231 262 305 334
14 106 215 292 321 383
15 122 246 278 354 367
16 183 249 280 323 352
17 124 206 233 310 339
18 140 264 296 372 385
19 186 252 283 326 355
20 127 209 236 313 342
21 143 267 299 375 388
22 189 255 271 329 358
23 130 197 239 301 345
24 146 270 287 363 376
25 192 243 274 317 346
26 133 200 227 304 333
27 149 258 290 366 379
28 195 246 277 320 349
29 121 203 230 307 336
30 137 261 293 369 382
3 31 264 295 338 367
32 139 221 248 325 354
33 155 205 279 311 387
6 34 267 298 341 370
35 142 224 251 328 357
36 158 208 282 314 390
9 37 270 286 344 373
38 145 212 254 316 360
39 161 196 285 302 378
12 40 258 289 332 361
41 148 215 242 319 348
42 164 199 273 305 381
15 43 261 292 335 364
44 136 218 245 322 351
45 152 202 276 308 384
18 46 279 310 353 382
47 154 236 263 340 369
48 170 207 220 294 326
21 49 282 313 356 385
50 157 239 266 343 372
51 173 210 223 297 329
24 52 285 301 359 388
53 160 227 269 331 375
54 176 198 211 300 317
27 55 273 304 347 376
56 163 230 257 334 363
57 179 201 214 288 320
30 58 276 307 350 379
59 151 233 260 337 366
60 167 204 217 291 323
33 61 202 294 325 368
62 169 251 278 355 384
63 185 222 235 309 341
36 64 205 297 328 371
65 172 254 281 358 387
66 188 225 238 312 344
39 67 208 300 316 374
68 175 242 284 346 390
69 191 213 226 315 332
42 70 196 288 319 362
71 178 245 272 349 378
72 194 216 229 303 335
45 73 199 291 322 365
74 166 248 275 352 381
75 182 219 232 306 338
48 76 217 309 340 383
77 184 204 266 293 370
5 78 237 250 324 356
51 79 220 312 343 386
80 187 207 269 296 373
8 81 240 253 327 359
54 82 223 315 331 389
83 190 210 257 299 361
11 84 228 241 330 347
57 85 211 303 334 377
86 193 198 260 287 364
14 87 231 244 318 350
60 88 214 306 337 380
89 181 201 263 290 367
2 90 234 247 321 353
63 91 203 232 324 355
4 92 219 281 308 385
20 93 252 265 339 371
66 94 206 235 327 358
7 95 222 284 311 388
23 96 255 268 342 374
69 97 209 238 330 346
10 98 225 272 314 376
26 99 243 256 345 362
72 100 197 226 318 349
13 101 213 275 302 379
29 102 246 259 333 365
75 103 200 229 321 352
1 104 216 278 305 382
17 105 249 262 336 368
78 106 218 247 339 370
19 107 205 234 296 323
35 108 267 280 354 386
81 109 221 250 342 373
22 110 208 237 299 326
38 111 270 283 357 389
84 112 224 253 345 361
25 113 196 240 287 329
41 114 258 271 360 377
87 115 212 241 333 364
28 116 199 228 290 317
44 117 261 274 348 380
90 118 215 244 336 367
16 119 202 231 293 320
32 120 264 277 351 383
93 121 233 262 354 385
34 122 220 249 311 338
50 123 206 282 295 369
96 124 236 265 357 388
37 125 223 252 314 341
53 126 209 285 298 372
99 127 239 268 360 376
40 128 211 255 302 344
56 129 197 273 286 375
102 130 227 256 348 379
43 131 214 243 305 332
59 132 200 276 289 363
105 133 230 259 351 382
31 134 217 246 308 335
47 135 203 279 292 366
108 136 205 248 277 369
49 137 235 264 326 353
65 138 221 297 310 384
111 139 208 251 280 372
52 140 238 267 329 356
68 141 224 300 313 387
114 142 196 254 283 375
55 143 226 270 317 359
71 144 212 288 301 390
117 145 199 242 271 363
58 146 229 258 320 347
74 147 215 291 304 378
120 148 202 245 274 366
46 149 232 261 323 350
62 150 218 294 307 381
123 151 220 263 292 384
64 152 250 279 341 368
80 153 204 236 312 325
126 154 223 266 295 387
67 155 253 282 344 371
83 156 207 239 315 328
129 157 211 269 298 390
70 158 241 285 332 374
86 159 210 227 303 316
132 160 214 257 286 378
73 161 244 273 335 362
89 162 198 230 306 319
135 163 217 260 289 381
61 164 247 276 338 365
77 165 201 233 309 322
138 166 204 235 278 307
79 167 265 294 356 383
95 168 219 251 327 340
141 169 207 238 281 310
82 170 268 297 359 386
98 171 222 254 330 343
144 172 210 226 284 313
85 173 256 300 347 389
101 174 225 242 318 331
147 175 198 229 272 301
88 176 259 288 350 377
104 177 213 245 321 334
150 178 201 232 275 304
76 179 262 291 353 380
92 180 216 248 324 337
153 181 219 250 293 322
94 182 203 280 309 371
110 183 234 266 342 355
156 184 222 253 296 325
97 185 206 283 312 374
113 186 237 269 345 358
159 187 225 241 299 328
100 188 209 271 315 362
116 189 240 257 333 346
162 190 213 244 287 316
103 191 197 274 303 365
119 192 228 260 336 349
165 193 216 247 290 319
91 194 200 277 306 368
107 195 231 263 339 352