 86 23 99
 87 22 98
 88 25 101
 89 24 100
 90 27 103
 91 26 102
 92 15 105
 93 14 104
 94 17 107
 95 16 106
 96 19 109
 97 18 108
 84 21 111
 85 20 110
 39  7 50
 38  6 51
 41  9 52
 40  8 53
 29 11 54
 28 10 55
 31 13 42
 30 12 43
 33  1 44
 32  0 45
 35  3 46
 34  2 47
 37  5 48
 36  4 49
 131 19 171
 130 18 170
 133 21 173
 132 20 172
 135 23 175
 134 22 174
 137 25 177
 136 24 176
 139 27 179
 138 26 178
 127 15 181
 126 14 180
 129 17 169
 128 16 168
 20 193 61
 21 192 60
 22 195 63
 23 194 62
 24 183 65
 25 182 64
 26 185 67
 27 184 66
 14 187 69
 15 186 68
 16 189 57
 17 188 56
 18 191 59
 19 190 58
 70 53 161
 71 52 160
 72 55 163
 73 54 162
 74 43 165
 75 42 164
 76 45 167
 77 44 166
 78 47 155
 79 46 154
 80 49 157
 81 48 156
 82 51 159
 83 50 158
 146 56 131
 147 57 130
 148 58 133
 149 59 132
 150 60 135
 151 61 134
 152 62 137
 153 63 136
 140 64 139
 141 65 138
 142 66 127
 143 67 126
 144 68 129
 145 69 128
 121 142 12
 120 143 13
 123 144  0
 122 145  1
 125 146  2
 124 147  3
 113 148  4
 112 149  5
 115 150  6
 114 151  7
 117 152  8
 116 153  9
 119 140 10
 118 141 11
 141 186  1
 140 187  0
 143 188  3
 142 189  2
 145 190  5
 144 191  4
 147 192  7
 146 193  6
 149 194  9
 148 195  8
 151 182 11
 150 183 10
 153 184 13
 152 185 12
 91 139 161
 90 138 160
 93 127 163
 92 126 162
 95 129 165
 94 128 164
 97 131 167
 96 130 166
 85 133 155
 84 132 154
 87 135 157
 86 134 156
 89 137 159
 88 136 158
 81 39 115
 80 38 114
 83 41 117
 82 40 116
 71 29 119
 70 28 118
 73 31 121
 72 30 120
 75 33 123
 74 32 122
 77 35 125
 76 34 124
 79 37 113
 78 36 112
 99 78 96
 98 79 97
 101 80 84
 100 81 85
 103 82 86
 102 83 87
 105 70 88
 104 71 89
 107 72 90
 106 73 91
 109 74 92
 108 75 93
 111 76 94
 110 77 95
 65 169 121
 64 168 120
 67 171 123
 66 170 122
 69 173 125
 68 172 124
 57 175 113
 56 174 112
 59 177 115
 58 176 114
 61 179 117
 60 178 116
 63 181 119
 62 180 118
 186 155 41
 187 154 40
 188 157 29
 189 156 28
 190 159 31
 191 158 30
 192 161 33
 193 160 32
 194 163 35
 195 162 34
 182 165 37
 183 164 36
 184 167 39
 185 166 38
 108 47 178
 109 46 179
 110 49 180
 111 48 181
 98 51 168
 99 50 169
 100 53 170
 101 52 171
 102 55 172
 103 54 173
 104 43 174
 105 42 175
 106 45 176
 107 44 177	

