 110 196 105
 113 193 102
 103 183 107
 116 202 111
 106 180 104
 119 199 108
 124 179 94
 109 189 113
 84 207 117
 125 176 91
 112 186 110
 85 205 114
 90 185 100
 115 195 119
 87 172 122
 93 182 97
 118 192 116
 89 170 120
 96 191 106
 121 201 85
 92 178 125
 99 188 103
 123 198 84
 95 175 124
 102 197 112
 86 206 89
 98 184 93
 105 194 109
 88 204 87
 101 181 90
 108 203 118
 91 209 95
 104 190 99
 111 200 115
 94 208 92
 107 187 96
 114 169 123
 97 177 101
 117 168 121
 100 174 98
 120 173 88
 122 171 86
 320 177 231
 323 174 228
 313 169 233
 326 183 237
 316 168 230
 329 180 234
 334 172 220
 319 173 239
 294 189 243
 335 170 217
 322 171 236
 295 186 240
 300 178 226
 325 179 245
 297 195 248
 303 175 223
 328 176 242
 299 192 246
 306 184 232
 331 185 211
 302 201 251
 309 181 229
 333 182 210
 305 198 250
 312 190 238
 296 191 215
 308 206 219
 315 187 235
 298 188 213
 311 204 216
 318 196 244
 301 197 221
 314 209 225
 321 193 241
 304 194 218
 317 208 222
 324 202 249
 307 203 227
 327 199 247
 310 200 224
 330 207 214
 332 205 212
 134 8 22
 137 11 19
 151 25 41
 140 14 28
 154 28 40
 143 17 25
 138 12 29
 157 31 9
 146 20 34
 141 15 26
 160 34 6
 149 23 31
 144 18 35
 163 37 15
 152 26 39
 147 21 32
 165 39 12
 155 29 37
 150 24 1
 128 2 21
 158 32 4
 153 27 0
 130 4 18
 161 35 2
 156 30 5
 133 7 27
 126 0 10
 159 33 3
 136 10 24
 127 1 7
 162 36 11
 139 13 33
 129 3 16
 164 38 8
 142 16 30
 131 5 13
 166 40 17
 145 19 38
 167 41 14
 148 22 36
 132 6 23
 135 9 20
 110 284 207
 113 287 205
 103 283 206
 116 252 172
 106 286 204
 119 253 170
 124 276 185
 109 289 209
 84 255 178
 125 279 182
 112 291 208
 85 257 175
 90 282 191
 115 254 177
 87 260 184
 93 285 188
 118 256 174
 89 263 181
 96 288 197
 121 259 183
 92 266 190
 99 290 194
 123 262 180
 95 269 187
 102 292 203
 86 265 189
 98 272 196
 105 293 200
 88 268 186
 101 275 193
 108 258 169
 91 271 195
 104 278 202
 111 261 168
 94 274 192
 107 281 199
 114 264 173
 97 277 201
 117 267 171
 100 280 198
 120 270 179
 122 273 176
 38 46 159
 36 44 156
 17 51 131
 41 52 164
 14 48 129
 40 49 162
 39 43 142
 23 57 137
 9 58 167
 37 42 139
 20 54 134
 6 55 166
 4 47 148
 29 63 143
 15 64 135
 2 45 145
 26 60 140
 12 61 132
 10 53 154
 35 69 149
 21 70 141
 7 50 151
 32 66 146
 18 67 138
 16 59 160
 1 75 155
 27 76 147
 13 56 157
 0 72 152
 24 73 144
 22 65 165
 5 80 161
 33 81 153
 19 62 163
 3 78 158
 30 79 150
 28 71 130
 11 83 127
 25 68 128
 8 82 126
 34 77 136
 31 74 133
 264 322 64
 267 319 61
 260 309 83
 270 328 70
 263 306 82
 273 325 67
 277 305 71
 266 315 51
 276 333 76
 280 302 68
 269 312 48
 279 331 73
 283 311 77
 272 321 57
 282 298 81
 286 308 74
 275 318 54
 285 296 79
 289 317 43
 278 327 63
 288 304 46
 291 314 42
 281 324 60
 290 301 44
 254 323 47
 284 332 69
 292 310 52
 256 320 45
 287 330 66
 293 307 49
 259 329 53
 252 335 75
 258 316 58
 262 326 50
 253 334 72
 261 313 55
 265 295 59
 255 303 80
 268 294 56
 257 300 78
 271 299 65
 274 297 62
 129 308 241
 131 311 244
 139 331 234
 134 314 247
 142 333 237
 137 317 249
 156 330 242
 145 296 240
 140 320 212
 159 332 245
 148 298 243
 143 323 214
 162 334 210
 151 301 246
 146 326 217
 164 335 211
 154 304 248
 149 329 220
 166 300 213
 157 307 250
 152 294 223
 167 303 215
 160 310 251
 155 295 226
 132 306 218
 163 313 216
 158 297 229
 135 309 221
 165 316 219
 161 299 232
 138 312 224
 128 319 222
 126 302 235
 141 315 227
 130 322 225
 127 305 238
 144 318 230
 133 325 228
 147 321 233
 136 328 231
 150 324 236
 153 327 239
 272 50 248
 275 53 246
 259 67 227
 278 56 251
 262 70 224
 281 59 250
 270 54 249
 265 73 233
 284 62 219
 273 57 247
 268 76 230
 287 65 216
 276 60 214
 271 79 239
 252 68 225
 279 63 212
 274 81 236
 253 71 222
 282 66 220
 277 44 245
 255 74 231
 285 69 217
 280 46 242
 257 77 228
 288 72 226
 283 49 211
 260 42 237
 290 75 223
 286 52 210
 263 43 234
 292 78 232
 289 55 215
 266 45 243
 293 80 229
 291 58 213
 269 47 240
 258 82 238
 254 61 221
 261 83 235
 256 64 218
 264 48 244
 267 51 241

